CREATE_GROUP,16,0.008001,0.000031,0.000678,246,448
CREATE_GROUP,32,0.004061,0.000009,0.000624,502,448
CREATE_GROUP,64,0.004023,0.000012,0.000626,1014,448
CREATE_GROUP,128,0.004485,0.000015,0.000330,2066,448
CREATE_GROUP,256,0.004197,0.000025,0.000550,4242,448
CREATE_GROUP,512,0.004257,0.000031,0.000263,8594,448
CREATE_GROUP,1024,0.005250,0.000103,0.000330,17322,448
CREATE_GROUP,2048,0.009361,0.000099,0.000763,35754,880
CREATE_GROUP,4096,0.015116,0.000293,0.000565,72618,1312
CREATE_GROUP,8192,0.024771,0.000405,0.000921,146346,2176
CREATE_GROUP,16384,0.044909,0.000795,0.001186,300186,3904
CREATE_GROUP,32768,0.087799,0.001664,0.001724,611482,7360
CREATE_GROUP,65536,0.171148,0.003387,0.003166,1234074,14272
CREATE_GROUP,131072,0.336372,0.006387,0.005644,2510330,28528
CREATE_GROUP,262144,0.675976,0.012619,0.009618,5131770,57040
CREATE_GROUP,524288,1.363381,0.025040,0.016966,10374650,113632
CREATE_GROUP,1048576,2.707257,0.047820,0.042177,20908986,226816
RSA_CREATE_GROUP,16,0.037437,0.000021,0.000400,246,4104
RSA_CREATE_GROUP,32,0.001492,0.000017,0.000278,502,8200
RSA_CREATE_GROUP,64,0.002798,0.000013,0.000162,1014,16392
RSA_CREATE_GROUP,128,0.005375,0.000024,0.000263,2066,32776
RSA_CREATE_GROUP,256,0.010598,0.000043,0.000719,4242,65544
RSA_CREATE_GROUP,512,0.021993,0.000091,0.000875,8594,131080
RSA_CREATE_GROUP,1024,0.042344,0.000180,0.000772,17322,262152
RSA_CREATE_GROUP,2048,0.082479,0.000447,0.001163,35754,524296
RSA_CREATE_GROUP,4096,0.165400,0.000763,0.001620,72618,1048584
RSA_CREATE_GROUP,8192,0.329319,0.001526,0.003699,146346,2097160
RSA_CREATE_GROUP,16384,0.668153,0.005216,0.008719,300186,4194312
RSA_CREATE_GROUP,32768,1.364864,0.011093,0.014954,611482,8388616
RSA_CREATE_GROUP,65536,2.709079,0.022741,0.030379,1234074,16777224
RSA_CREATE_GROUP,131072,5.461055,0.047614,0.071670,2510330,33554440
RSA_CREATE_GROUP,262144,10.944000,0.088426,0.248510,5131770,67108872
RSA_CREATE_GROUP,524288,21.842523,0.205535,0.730788,10374650,134217736
RSA_CREATE_GROUP,1048576,45.123690,0.384407,0.551076,20908986,268435464
CREATE_GROUP,16,0.033096,0.006116,0.015586,246,448
ADD_MEMBER,17,0.002593,0.013624,0.028736,0.000037,0.000412
CREATE_GROUP,32,0.006097,0.000020,0.000678,502,448
ADD_MEMBER,33,0.000128,0.000030,0.007231,0.000024,0.000188
CREATE_GROUP,64,0.005128,0.000025,0.000262,1014,448
ADD_MEMBER,65,0.000099,0.000048,0.006662,0.000017,0.000223
CREATE_GROUP,128,0.004880,0.000019,0.000270,2066,448
ADD_MEMBER,129,0.000119,0.000040,0.006683,0.000019,0.000283
CREATE_GROUP,256,0.004764,0.000022,0.000145,4242,448
ADD_MEMBER,257,0.000122,0.000053,0.006853,0.000038,0.000198
CREATE_GROUP,512,0.004937,0.000035,0.000231,8594,448
ADD_MEMBER,513,0.000114,0.000092,0.006115,0.000032,0.000305
CREATE_GROUP,1024,0.004691,0.000057,0.000330,17322,448
ADD_MEMBER,1025,0.000269,0.000167,0.006464,0.000060,0.000555
CREATE_GROUP,2048,0.010269,0.000179,0.000282,35754,880
ADD_MEMBER,2049,0.000236,0.000384,0.002755,0.000157,0.000200
CREATE_GROUP,4096,0.016086,0.000382,0.000398,72618,1312
ADD_MEMBER,4097,0.000364,0.000740,0.002927,0.000311,0.000375
CREATE_GROUP,8192,0.028312,0.000738,0.000334,146346,2176
ADD_MEMBER,8193,0.000885,0.001297,0.002905,0.000505,0.000516
CREATE_GROUP,16384,0.052985,0.001533,0.000805,300186,3904
ADD_MEMBER,16385,0.001360,0.003233,0.003329,0.001228,0.000916
CREATE_GROUP,32768,0.103588,0.003559,0.000896,611482,7360
ADD_MEMBER,32769,0.002809,0.007303,0.004151,0.002796,0.001008
CREATE_GROUP,65536,0.207900,0.013248,0.002248,1234074,14272
ADD_MEMBER,65537,0.009352,0.017888,0.005622,0.005557,0.002009
CREATE_GROUP,131072,0.511341,0.032609,0.005339,2510330,28528
ADD_MEMBER,131073,0.015895,0.037649,0.007265,0.012957,0.004023
CREATE_GROUP,262144,0.841241,0.026302,0.011156,5131770,57040
ADD_MEMBER,262145,0.025088,0.060562,0.010584,0.029730,0.008447
CREATE_GROUP,524288,1.657110,0.044543,0.017922,10374650,113632
ADD_MEMBER,524289,0.045105,0.103387,0.018715,0.049866,0.018439
CREATE_GROUP,1048576,3.205994,0.136864,0.035541,20908986,226816
ADD_MEMBER,1048577,0.098116,0.247595,0.031876,0.102850,0.036153
RSA_CREATE_GROUP,16,0.142636,0.000020,0.000375,246,4104
RSA_ADD_MEMBER,17,0.000183,0.000031,0.002114,0.000012,0.000182
RSA_CREATE_GROUP,32,0.002376,0.000021,0.000195,502,8200
RSA_ADD_MEMBER,33,0.001385,0.000043,0.001875,0.000016,0.000169
RSA_CREATE_GROUP,64,0.004761,0.000034,0.000227,1014,16392
RSA_ADD_MEMBER,65,0.000322,0.000084,0.001815,0.000025,0.000202
RSA_CREATE_GROUP,128,0.008522,0.000041,0.000232,2066,32776
RSA_ADD_MEMBER,129,0.000247,0.000088,0.003357,0.000054,0.000226
RSA_CREATE_GROUP,256,0.014308,0.000067,0.000273,4242,65544
RSA_ADD_MEMBER,257,0.000376,0.000172,0.001433,0.000043,0.000177
RSA_CREATE_GROUP,512,0.026848,0.000121,0.000484,8594,131080
RSA_ADD_MEMBER,513,0.000952,0.000371,0.001414,0.000089,0.000248
RSA_CREATE_GROUP,1024,0.047842,0.000253,0.000698,17322,262152
RSA_ADD_MEMBER,1025,0.001403,0.000729,0.001288,0.000180,0.000790
RSA_CREATE_GROUP,2048,0.093210,0.000422,0.001339,35754,524296
RSA_ADD_MEMBER,2049,0.002270,0.001591,0.001382,0.000408,0.000915
RSA_CREATE_GROUP,4096,0.184499,0.001239,0.002488,72618,1048584
RSA_ADD_MEMBER,4097,0.006085,0.003292,0.001872,0.001429,0.002188
RSA_CREATE_GROUP,8192,0.364000,0.002113,0.004790,146346,2097160
RSA_ADD_MEMBER,8193,0.012286,0.006802,0.002207,0.002280,0.005346
RSA_CREATE_GROUP,16384,0.756423,0.006054,0.008161,300186,4194312
RSA_ADD_MEMBER,16385,0.021174,0.013681,0.003153,0.004505,0.007256
RSA_CREATE_GROUP,32768,1.509892,0.011315,0.015755,611482,8388616
RSA_ADD_MEMBER,32769,0.037893,0.027810,0.005076,0.010974,0.016972
RSA_CREATE_GROUP,65536,2.989581,0.034158,0.032630,1234074,16777224
RSA_ADD_MEMBER,65537,0.076317,0.060422,0.005337,0.023905,0.034059
RSA_CREATE_GROUP,131072,5.482620,0.064729,0.072916,2510330,33554440
RSA_ADD_MEMBER,131073,0.177736,0.108488,0.009200,0.056076,0.071176
RSA_CREATE_GROUP,262144,10.696168,0.092268,0.141435,5131770,67108872
RSA_ADD_MEMBER,262145,0.321758,0.188814,0.019898,0.081170,0.144744
RSA_CREATE_GROUP,524288,21.375153,0.169388,0.268842,10374650,134217736
RSA_ADD_MEMBER,524289,0.616461,0.373519,0.039807,0.160642,0.264855
RSA_CREATE_GROUP,1048576,42.992711,0.398085,2.079620,20908986,268435464
RSA_ADD_MEMBER,1048577,1.062025,0.844588,0.073820,0.332933,2.087024
CREATE_GROUP,16,0.076418,0.006050,0.017155,246,448
REMOVE_MEMBER,15,0.007473,0.009254,0.061779,0.007235,0.019793
CREATE_GROUP,32,0.005074,0.000016,0.000709,502,448
REMOVE_MEMBER,31,0.000303,0.000030,0.012703,0.000016,0.000744
CREATE_GROUP,64,0.004761,0.000014,0.000285,1014,448
REMOVE_MEMBER,63,0.000162,0.000031,0.011994,0.000019,0.000665
CREATE_GROUP,128,0.004315,0.000016,0.000257,2066,448
REMOVE_MEMBER,127,0.000172,0.000048,0.011091,0.000021,0.000500
CREATE_GROUP,256,0.004488,0.000029,0.000459,4242,448
REMOVE_MEMBER,255,0.000255,0.000061,0.011003,0.000030,0.000704
CREATE_GROUP,512,0.004384,0.000055,0.000408,8594,448
REMOVE_MEMBER,511,0.000334,0.000096,0.011060,0.000035,0.000243
CREATE_GROUP,1024,0.005131,0.000095,0.000653,17322,448
REMOVE_MEMBER,1023,0.000157,0.000228,0.010893,0.000068,0.000189
CREATE_GROUP,2048,0.009452,0.000121,0.000502,35754,880
REMOVE_MEMBER,2047,0.000521,0.000417,0.011297,0.000157,0.000230
CREATE_GROUP,4096,0.015751,0.000402,0.000597,72618,1312
REMOVE_MEMBER,4095,0.000674,0.000731,0.013859,0.000325,0.000760
CREATE_GROUP,8192,0.028357,0.000792,0.000727,146346,2176
REMOVE_MEMBER,8191,0.000776,0.001626,0.019629,0.000642,0.000444
CREATE_GROUP,16384,0.055390,0.001756,0.000865,300186,3904
REMOVE_MEMBER,16383,0.003010,0.003188,0.032363,0.001301,0.000888
CREATE_GROUP,32768,0.105380,0.003802,0.001330,611482,7360
REMOVE_MEMBER,32767,0.002770,0.006870,0.055353,0.002714,0.001090
CREATE_GROUP,65536,0.213287,0.013819,0.002210,1234074,14272
REMOVE_MEMBER,65535,0.006968,0.021015,0.102638,0.005100,0.002131
CREATE_GROUP,131072,0.570499,0.036171,0.004859,2510330,28528
REMOVE_MEMBER,131071,0.014412,0.042206,0.217865,0.060510,0.004955
CREATE_GROUP,262144,0.858697,0.030506,0.007313,5131770,57040
REMOVE_MEMBER,262143,0.023338,0.063016,0.370498,0.030530,0.007491
CREATE_GROUP,524288,1.629710,0.046813,0.018433,10374650,113632
REMOVE_MEMBER,524287,0.044983,0.101663,0.723066,0.056061,0.020711
CREATE_GROUP,1048576,3.325009,0.155985,0.034770,20908986,226816
REMOVE_MEMBER,1048575,0.070836,0.265839,1.446552,0.123620,0.033424
RSA_CREATE_GROUP,16,0.156025,0.000017,0.000576,246,4104
RSA_REMOVE_MEMBER,15,0.000204,0.000022,0.000839,0.000008,0.000234
RSA_CREATE_GROUP,32,0.001691,0.000011,0.000103,502,8200
RSA_REMOVE_MEMBER,31,0.000117,0.000027,0.001638,0.000009,0.000095
RSA_CREATE_GROUP,64,0.003401,0.000016,0.000207,1014,16392
RSA_REMOVE_MEMBER,63,0.000145,0.000048,0.003444,0.000019,0.000262
RSA_CREATE_GROUP,128,0.007034,0.000036,0.000194,2066,32776
RSA_REMOVE_MEMBER,127,0.000305,0.000090,0.006674,0.000034,0.000192
RSA_CREATE_GROUP,256,0.013631,0.000065,0.000390,4242,65544
RSA_REMOVE_MEMBER,255,0.000448,0.000173,0.013467,0.000061,0.000403
RSA_CREATE_GROUP,512,0.025256,0.000120,0.000363,8594,131080
RSA_REMOVE_MEMBER,511,0.000537,0.000334,0.023988,0.000127,0.000473
RSA_CREATE_GROUP,1024,0.047713,0.000271,0.000539,17322,262152
RSA_REMOVE_MEMBER,1023,0.001004,0.000796,0.047704,0.000330,0.000814
RSA_CREATE_GROUP,2048,0.093919,0.000596,0.001368,35754,524296
RSA_REMOVE_MEMBER,2047,0.003068,0.001583,0.096271,0.000529,0.001400
RSA_CREATE_GROUP,4096,0.192595,0.001186,0.002320,72618,1048584
RSA_REMOVE_MEMBER,4095,0.004380,0.003766,0.195150,0.001218,0.002336
RSA_CREATE_GROUP,8192,0.409824,0.002788,0.004479,146346,2097160
RSA_REMOVE_MEMBER,8191,0.010163,0.006582,0.389090,0.002422,0.004135
RSA_CREATE_GROUP,16384,0.800008,0.005591,0.006705,300186,4194312
RSA_REMOVE_MEMBER,16383,0.018607,0.016501,0.797198,0.006217,0.006879
RSA_CREATE_GROUP,32768,1.593065,0.012423,0.017607,611482,8388616
RSA_REMOVE_MEMBER,32767,0.034400,0.037309,1.526490,0.015888,0.017642
RSA_CREATE_GROUP,65536,3.056902,0.035870,0.032184,1234074,16777224
RSA_REMOVE_MEMBER,65535,0.069801,0.056757,2.756354,0.036321,0.036230
RSA_CREATE_GROUP,131072,5.334093,0.042517,0.073160,2510330,33554440
RSA_REMOVE_MEMBER,131071,0.138826,0.091247,5.418490,0.038291,0.070759
RSA_CREATE_GROUP,262144,10.669754,0.082884,0.136813,5131770,67108872
RSA_REMOVE_MEMBER,262143,0.306121,0.185937,10.793238,0.073237,0.141955
RSA_CREATE_GROUP,524288,21.336940,0.254673,1.362829,10374650,134217736
RSA_REMOVE_MEMBER,524287,0.604904,0.376764,22.214338,0.514968,1.279808
RSA_CREATE_GROUP,1048576,44.156202,1.076097,3.694163,20908986,268435464
RSA_REMOVE_MEMBER,1048575,1.135948,0.885814,44.591437,0.721061,1.963637
CREATE_GROUP,16,0.105962,0.003200,0.018257,246,448
DECRYPT_KEY,16,0.003910,0.011699,0.082983
CREATE_GROUP,32,0.015536,0.000020,0.000726,502,448
DECRYPT_KEY,32,0.000116,0.000050,0.019141
CREATE_GROUP,64,0.004845,0.000019,0.000594,1014,448
DECRYPT_KEY,64,0.000701,0.000033,0.026452
CREATE_GROUP,128,0.004249,0.000021,0.000689,2066,448
DECRYPT_KEY,128,0.000279,0.000033,0.041894
CREATE_GROUP,256,0.004417,0.000028,0.000923,4242,448
DECRYPT_KEY,256,0.000537,0.000057,0.077546
CREATE_GROUP,512,0.004442,0.000042,0.001986,8594,448
DECRYPT_KEY,512,0.001135,0.000103,0.157466
CREATE_GROUP,1024,0.005063,0.000064,0.000885,17322,448
DECRYPT_KEY,1024,0.000823,0.000232,0.316763
CREATE_GROUP,2048,0.011178,0.000180,0.000576,35754,880
DECRYPT_KEY,2048,0.001443,0.000466,0.685913
CREATE_GROUP,4096,0.015574,0.000350,0.003656,72618,1312
DECRYPT_KEY,4096,0.001666,0.000698,0.702772
CREATE_GROUP,8192,0.029599,0.000884,0.000622,146346,2176
DECRYPT_KEY,8192,0.001661,0.001924,0.713116
CREATE_GROUP,16384,0.059897,0.002436,0.000755,300186,3904
DECRYPT_KEY,16384,0.001702,0.004434,0.723242
CREATE_GROUP,32768,0.106551,0.004066,0.001143,611482,7360
DECRYPT_KEY,32768,0.003802,0.007585,0.709675
CREATE_GROUP,65536,0.213058,0.010531,0.002446,1234074,14272
DECRYPT_KEY,65536,0.007399,0.018820,0.724134
CREATE_GROUP,131072,0.521589,0.046829,0.007117,2510330,28528
DECRYPT_KEY,131072,0.016417,0.054899,0.799199
CREATE_GROUP,262144,0.887356,0.031022,0.008019,5131770,57040
DECRYPT_KEY,262144,0.023763,0.073239,0.783094
CREATE_GROUP,524288,1.601403,0.044922,0.018808,10374650,113632
DECRYPT_KEY,524288,0.042984,0.102263,0.790038
CREATE_GROUP,1048576,3.226975,0.139009,0.033621,20908986,226816
DECRYPT_KEY,1048576,0.123538,0.217145,0.897219
RSA_CREATE_GROUP,16,0.410555,0.000023,0.001018,246,4104
RSA_DECRYPT_KEY,16,0.000538,0.000032,0.003533
RSA_CREATE_GROUP,32,0.002358,0.000015,0.000309,502,8200
RSA_DECRYPT_KEY,32,0.000248,0.000039,0.001860
RSA_CREATE_GROUP,64,0.004617,0.000026,0.000240,1014,16392
RSA_DECRYPT_KEY,64,0.000222,0.000073,0.001752
RSA_CREATE_GROUP,128,0.007370,0.000038,0.000244,2066,32776
RSA_DECRYPT_KEY,128,0.000264,0.000088,0.001438
RSA_CREATE_GROUP,256,0.014190,0.000067,0.000343,4242,65544
RSA_DECRYPT_KEY,256,0.000441,0.000195,0.001383
RSA_CREATE_GROUP,512,0.026047,0.000133,0.000479,8594,131080
RSA_DECRYPT_KEY,512,0.000772,0.000366,0.001370
RSA_CREATE_GROUP,1024,0.046433,0.000234,0.000621,17322,262152
RSA_DECRYPT_KEY,1024,0.001332,0.000789,0.001217
RSA_CREATE_GROUP,2048,0.092605,0.000437,0.001117,35754,524296
RSA_DECRYPT_KEY,2048,0.002438,0.001158,0.001197
RSA_CREATE_GROUP,4096,0.183665,0.000940,0.002101,72618,1048584
RSA_DECRYPT_KEY,4096,0.004082,0.003056,0.001438
RSA_CREATE_GROUP,8192,0.371669,0.002042,0.003923,146346,2097160
RSA_DECRYPT_KEY,8192,0.009514,0.007234,0.001668
RSA_CREATE_GROUP,16384,0.772817,0.005565,0.006639,300186,4194312
RSA_DECRYPT_KEY,16384,0.018148,0.014201,0.002105
RSA_CREATE_GROUP,32768,1.572198,0.010170,0.011825,611482,8388616
RSA_DECRYPT_KEY,32768,0.037706,0.028600,0.003209
RSA_CREATE_GROUP,65536,3.033528,0.035467,0.034586,1234074,16777224
RSA_DECRYPT_KEY,65536,0.074961,0.057773,0.001374
RSA_CREATE_GROUP,131072,5.470852,0.063820,0.070003,2510330,33554440
RSA_DECRYPT_KEY,131072,0.162132,0.109969,0.001430
RSA_CREATE_GROUP,262144,10.662775,0.085251,0.140646,5131770,67108872
RSA_DECRYPT_KEY,262144,0.266587,0.187588,0.004516
RSA_CREATE_GROUP,524288,21.371474,0.404415,0.869903,10374650,134217736
RSA_DECRYPT_KEY,524288,0.615735,0.397284,0.012433
RSA_CREATE_GROUP,1048576,45.069849,0.858258,2.010473,20908986,268435464
RSA_DECRYPT_KEY,1048576,1.313554,0.892396,0.017748
